3,2
3,1
3,3
10,182
10,88
10,186
10,300
10,142
10,96
10,258
10,180
10,2
10,3
11,6
11,20
9,7
9,4
9,6
9,2
9,3
8,9
8,17
8,11
8,6
8,16
8,12
8,2
8,3
53,4
53,3
53,2
53,1
53,0
52,5
52,4
52,3
52,2
52,1
52,0
51,4
51,3
51,2
51,1
51,0
50,5
50,4
50,3
50,2
50,1
50,0
49,4
49,3
49,2
49,1
49,0
48,5
48,4
48,3
48,2
48,1
48,0
45,6
45,5
45,4
45,3
45,2
45,1
45,0
43,3
43,2
43,1
43,0
35,4
35,3
35,2
35,1
35,0
20,3
20,2
20,1
19,3
19,2
19,1
12,3
12,2
12,1
11,28
11,25
11,24
11,23
11,21
11,19
11,17
11,16
11,15
11,14
11,13
11,10
11,9
11,3
11,2
11,1
10,302
10,273
10,272
10,204
10,178
10,169
10,159
10,150
10,109
10,104
