3,2
3,1
3,3
10,75
10,25
10,287
10,89
10,131
10,237
10,167
10,1
10,81
10,2
10,3
11,10
11,16
11,13
11,17
11,19
11,1
11,15
11,2
11,3
9,5
9,1
9,7
9,2
9,3
8,8
8,5
8,7
8,13
8,15
8,1
8,14
8,2
8,3
12,2
12,1
12,3
20,2
20,1
20,3
19,2
19,1
19,3
53,4
53,3
53,2
53,1
53,0
52,5
52,4
52,3
52,2
52,1
52,0
51,4
51,3
51,2
51,1
51,0
50,5
50,4
50,3
50,2
50,1
50,0
49,4
49,3
49,2
49,1
49,0
48,5
48,4
48,3
48,2
48,1
48,0
45,6
45,5
45,4
45,3
45,2
45,1
45,0
43,3
18,1
18,3
14,1
14,3
13,1
13,3
43,2
43,1
43,0
35,4
35,3
35,2
35,1
35,0
0,386
2,2
